<?xml version="1.0"?>
<opencv_storage>
<Variaveis_RB1>
  <V_MAX>6.9355045208071168e-310</V_MAX>
  <K_LIN>6.9351066440342840e-310</K_LIN>
  <W_MAX>4.6499576293857690e-310</W_MAX>
  <K_ANG>1.3487992131466031e-321</K_ANG>
  <ZONA_MORTA_D>0</ZONA_MORTA_D>
  <ZONA_MORTA_E>0</ZONA_MORTA_E></Variaveis_RB1>
<Variaveis_RB2>
  <V_MAX>8.0635842526020446e-313</V_MAX>
  <K_LIN>8.9123825695810323e-313</K_LIN>
  <W_MAX>1.4641771207212937e-312</W_MAX>
  <K_ANG>2.3341953951504530e-312</K_ANG>
  <ZONA_MORTA_D>21913</ZONA_MORTA_D>
  <ZONA_MORTA_E>570839648</ZONA_MORTA_E></Variaveis_RB2>
<Variaveis_RB3>
  <V_MAX>3.3951932906824958e-312</V_MAX>
  <K_LIN>3.0556739415037981e-311</K_LIN>
  <W_MAX>3.0832598867858526e-311</W_MAX>
  <K_ANG>3.1108458320674130e-311</K_ANG>
  <ZONA_MORTA_D>0</ZONA_MORTA_D>
  <ZONA_MORTA_E>0</ZONA_MORTA_E></Variaveis_RB3>
</opencv_storage>
