<?xml version="1.0"?>
<opencv_storage>
<Variaveis_RB1>
  <V_MAX>4.6470957048742839e-310</V_MAX>
  <K_LIN>4.6470957181223578e-310</K_LIN>
  <W_MAX>4.6470957048774459e-310</W_MAX>
  <K_ANG>4.6470957069659602e-310</K_ANG>
  <ZONA_MORTA_D>21899</ZONA_MORTA_D>
  <ZONA_MORTA_E>-1519879728</ZONA_MORTA_E></Variaveis_RB1>
<Variaveis_RB2>
  <V_MAX>4.6470957204124508e-310</V_MAX>
  <K_LIN>4.6470957204377470e-310</K_LIN>
  <W_MAX>4.6470957221397043e-310</W_MAX>
  <K_ANG>4.6470957007549622e-310</K_ANG>
  <ZONA_MORTA_D>21899</ZONA_MORTA_D>
  <ZONA_MORTA_E>-1519394336</ZONA_MORTA_E></Variaveis_RB2>
<Variaveis_RB3>
  <V_MAX>4.6470956995786907e-310</V_MAX>
  <K_LIN>4.6470957246108231e-310</K_LIN>
  <W_MAX>4.6470957000363931e-310</W_MAX>
  <K_ANG>4.6470956564795658e-310</K_ANG>
  <ZONA_MORTA_D>21899</ZONA_MORTA_D>
  <ZONA_MORTA_E>-1519334224</ZONA_MORTA_E></Variaveis_RB3>
</opencv_storage>
