<?xml version="1.0"?>
<opencv_storage>
<Variaveis_RB1>
  <V_MAX>4.6360498358014456e-310</V_MAX>
  <K_LIN>4.6360498311928013e-310</K_LIN>
  <W_MAX>4.6360498234924918e-310</W_MAX>
  <K_ANG>4.6360498312086114e-310</K_ANG>
  <ZONA_MORTA_D>21847</ZONA_MORTA_D>
  <ZONA_MORTA_E>-1752163280</ZONA_MORTA_E></Variaveis_RB1>
<Variaveis_RB2>
  <V_MAX>4.6360498198300819e-310</V_MAX>
  <K_LIN>4.6360498221770914e-310</K_LIN>
  <W_MAX>4.6360498232363681e-310</W_MAX>
  <K_ANG>4.6360498304394500e-310</K_ANG>
  <ZONA_MORTA_D>21847</ZONA_MORTA_D>
  <ZONA_MORTA_E>-1752086608</ZONA_MORTA_E></Variaveis_RB2>
<Variaveis_RB3>
  <V_MAX>4.6360498266300062e-310</V_MAX>
  <K_LIN>4.6360498205810617e-310</K_LIN>
  <W_MAX>4.6360498287730654e-310</W_MAX>
  <K_ANG>4.6360498327010849e-310</K_ANG>
  <ZONA_MORTA_D>21847</ZONA_MORTA_D>
  <ZONA_MORTA_E>-1752162336</ZONA_MORTA_E></Variaveis_RB3>
</opencv_storage>
