<?xml version="1.0"?>
<opencv_storage>
<Variaveis_RB1>
  <V_MAX>4.6377980721463382e-310</V_MAX>
  <K_LIN>4.6377980817335833e-310</K_LIN>
  <W_MAX>4.6377980687985494e-310</W_MAX>
  <K_ANG>4.6377980802996072e-310</K_ANG>
  <ZONA_MORTA_D>21855</ZONA_MORTA_D>
  <ZONA_MORTA_E>-726947408</ZONA_MORTA_E></Variaveis_RB1>
<Variaveis_RB2>
  <V_MAX>4.6377980747850440e-310</V_MAX>
  <K_LIN>4.6377980695036799e-310</K_LIN>
  <W_MAX>4.6377980695463672e-310</W_MAX>
  <K_ANG>4.6377980755968927e-310</K_ANG>
  <ZONA_MORTA_D>21855</ZONA_MORTA_D>
  <ZONA_MORTA_E>-727196160</ZONA_MORTA_E></Variaveis_RB2>
<Variaveis_RB3>
  <V_MAX>4.6377980799652235e-310</V_MAX>
  <K_LIN>4.6377980799826146e-310</K_LIN>
  <W_MAX>4.6377980778387650e-310</W_MAX>
  <K_ANG>4.6377980756443230e-310</K_ANG>
  <ZONA_MORTA_D>21855</ZONA_MORTA_D>
  <ZONA_MORTA_E>-726983328</ZONA_MORTA_E></Variaveis_RB3>
</opencv_storage>
