<?xml version="1.0"?>
<opencv_storage>
<Variaveis_RB1>
  <V_MAX>4.6422248782874714e-310</V_MAX>
  <K_LIN>4.6422248782843094e-310</K_LIN>
  <W_MAX>4.6422247034601688e-310</W_MAX>
  <K_ANG>4.6422248776416288e-310</K_ANG>
  <ZONA_MORTA_D>21876</ZONA_MORTA_D>
  <ZONA_MORTA_E>-1321922208</ZONA_MORTA_E></Variaveis_RB1>
<Variaveis_RB2>
  <V_MAX>4.6422246871820891e-310</V_MAX>
  <K_LIN>4.6422248792724407e-310</K_LIN>
  <W_MAX>4.6422248783894466e-310</W_MAX>
  <K_ANG>4.6422248778677133e-310</K_ANG>
  <ZONA_MORTA_D>21876</ZONA_MORTA_D>
  <ZONA_MORTA_E>-1324190336</ZONA_MORTA_E></Variaveis_RB2>
<Variaveis_RB3>
  <V_MAX>4.6422247696199065e-310</V_MAX>
  <K_LIN>4.6422247039178712e-310</K_LIN>
  <W_MAX>4.6422248808257831e-310</W_MAX>
  <K_ANG>4.6422248800787559e-310</K_ANG>
  <ZONA_MORTA_D>21876</ZONA_MORTA_D>
  <ZONA_MORTA_E>-1323082560</ZONA_MORTA_E></Variaveis_RB3>
</opencv_storage>
