<?xml version="1.0"?>
<opencv_storage>
<Variaveis_RB1>
  <V_MAX>4.6524261573820527e-310</V_MAX>
  <K_LIN>4.6524261645203131e-310</K_LIN>
  <W_MAX>4.6524261573852147e-310</W_MAX>
  <K_ANG>4.6524261517402182e-310</K_ANG>
  <ZONA_MORTA_D>21924</ZONA_MORTA_D>
  <ZONA_MORTA_E>-1004245824</ZONA_MORTA_E></Variaveis_RB1>
<Variaveis_RB2>
  <V_MAX>4.6524261580002276e-310</V_MAX>
  <K_LIN>4.6524261580255238e-310</K_LIN>
  <W_MAX>4.6524261578326405e-310</W_MAX>
  <K_ANG>4.6524261726206182e-310</K_ANG>
  <ZONA_MORTA_D>21924</ZONA_MORTA_D>
  <ZONA_MORTA_E>-1004085840</ZONA_MORTA_E></Variaveis_RB2>
<Variaveis_RB3>
  <V_MAX>4.6524261063075225e-310</V_MAX>
  <K_LIN>4.6524261836236577e-310</K_LIN>
  <W_MAX>4.6524261063170085e-310</W_MAX>
  <K_ANG>4.6524261564974775e-310</K_ANG>
  <ZONA_MORTA_D>21924</ZONA_MORTA_D>
  <ZONA_MORTA_E>-1004323888</ZONA_MORTA_E></Variaveis_RB3>
</opencv_storage>
