<?xml version="1.0"?>
<opencv_storage>
<Variaveis_RB1>
  <V_MAX>4.6461620697039625e-310</V_MAX>
  <K_LIN>4.6461620697008005e-310</K_LIN>
  <W_MAX>4.6461618767029492e-310</W_MAX>
  <K_ANG>4.6461620701347878e-310</K_ANG>
  <ZONA_MORTA_D>21895</ZONA_MORTA_D>
  <ZONA_MORTA_E>1058207888</ZONA_MORTA_E></Variaveis_RB1>
<Variaveis_RB2>
  <V_MAX>4.6461618623979701e-310</V_MAX>
  <K_LIN>4.6461620691687906e-310</K_LIN>
  <W_MAX>4.6461620015442471e-310</W_MAX>
  <K_ANG>4.6461620237542765e-310</K_ANG>
  <ZONA_MORTA_D>21895</ZONA_MORTA_D>
  <ZONA_MORTA_E>1057049328</ZONA_MORTA_E></Variaveis_RB2>
<Variaveis_RB3>
  <V_MAX>4.6461619721010966e-310</V_MAX>
  <K_LIN>4.6461618623853220e-310</K_LIN>
  <W_MAX>4.6461620700865670e-310</W_MAX>
  <K_ANG>4.6461620693782745e-310</K_ANG>
  <ZONA_MORTA_D>21895</ZONA_MORTA_D>
  <ZONA_MORTA_E>1058249200</ZONA_MORTA_E></Variaveis_RB3>
</opencv_storage>
